Genome:Innovation=74
Nodes: 0,LinComb,Input,Linear; 1,LinComb,Input,Tanh; 2,LinComb,Input,Tanh; 3,LinComb,Input,Tanh; 4,LinComb,Input,Tanh; 5,LinComb,Input,Sigmoid; 6,LinComb,Input,Tanh; 7,LinComb,Input,Tanh; 8,LinComb,Input,Tanh; 9,LinComb,Input,Tanh; 10,LinComb,Input,Tanh; 11,LinComb,Input,Tanh; 12,LinComb,Input,Tanh; 13,LinComb,Input,Relu; 14,LinComb,Input,Sigmoid; 15,LinComb,Input,Tanh; 16,LinComb,Input,Tanh; 17,LinComb,Input,Tanh; 18,LinComb,Input,Tanh; 19,LinComb,Input,Relu; 20,LinComb,Input,Tanh; 21,LinComb,Input,Tanh; 22,LinComb,Input,Tanh; 23,LinComb,Input,Tanh; 24,LinComb,Input,Tanh; 25,LinComb,Output,Tanh; 26,LinComb,Output,Tanh; 27,LinComb,Output,Tanh; 28,LinComb,Output,Tanh; 29,LinComb,Output,Tanh; 30,LinComb,Output,Tanh; 31,LinComb,Output,Tanh; 32,LinComb,Output,Tanh; 33,LinComb,Output,Tanh; 34,LinComb,Hidden,Tanh; 35,LinComb,Hidden,Tanh; 36,LinComb,Hidden,Linear; 41,LinComb,Hidden,Tanh; 45,LinComb,Hidden,Tanh; 43,Latch,Hidden,Sigmoid; 44,LinComb,Hidden,Tanh; 47,LinComb,Hidden,Tanh; 48,LinComb,Hidden,Tanh; 46,LinComb,Hidden,Tanh; 49,LinComb,Hidden,Tanh; 50,LinComb,Hidden,Tanh; 
Connections: 0,16,25,1.609911,True; 1,22,29,1.585889,False; 2,3,32,-1.194963,False; 3,3,34,-0.2141114,True; 4,34,32,0.8345392,True; 5,2,29,-0.1831833,False; 6,1,27,3.28402,False; 7,2,31,0.7140878,False; 8,11,29,-4.108371,True; 9,2,35,-0.2226841,True; 10,35,29,-1.758494,True; 11,16,36,-2.047943,False; 12,36,25,-1.115849,True; 13,19,25,0.6570182,True; 14,12,31,-0.5351111,True; 15,22,35,1.824611,False; 16,19,33,-0.2038719,True; 19,19,27,-1.095956,False; 20,7,31,-0.04277027,False; 21,35,26,-0.3484794,True; 24,13,25,-1.219874,False; 25,1,25,0.1098651,False; 28,12,34,2.252109,True; 31,2,41,2.685452,False; 32,41,35,3.133477,True; 33,4,31,1.373306,True; 36,3,33,1.081698,True; 37,10,30,0.196349,True; 38,22,31,0.5175968,True; 42,22,30,0.4984002,False; 43,2,33,0.05278245,True; 48,5,33,0.224599,True; 49,22,36,-0.4967131,True; 50,2,45,0.633703,True; 51,45,33,-0.2348587,True; 52,2,43,1.120903,True; 53,43,35,-0.3629155,True; 54,8,29,0.5229564,False; 55,20,29,-0.1648476,False; 60,13,44,1,True; 61,44,25,0.093247,False; 62,2,47,0.1123853,True; 63,47,41,2.644661,True; 66,19,48,1.043833,True; 67,48,27,-1.010218,True; 68,44,46,1,True; 69,46,25,-1.168564,True; 70,16,49,0.9274145,True; 71,49,36,-1.956621,True; 72,2,50,1,True; 73,50,41,2.685452,True; 