Genome:Innovation=69
Nodes: 0,LinComb,Input,Linear; 1,LinComb,Input,Linear; 2,LinComb,Input,Linear; 3,LinComb,Input,Linear; 4,LinComb,Input,Linear; 5,LinComb,Input,Linear; 6,LinComb,Input,Linear; 7,LinComb,Input,Linear; 8,LinComb,Input,Linear; 9,LinComb,Input,Linear; 10,LinComb,Input,Linear; 11,LinComb,Input,Linear; 12,LinComb,Input,Linear; 13,LinComb,Input,Linear; 14,LinComb,Input,Linear; 15,LinComb,Input,Linear; 16,LinComb,Input,Linear; 17,LinComb,Input,Linear; 18,LinComb,Input,Linear; 19,LinComb,Input,Linear; 20,LinComb,Input,Linear; 21,LinComb,Input,Linear; 22,LinComb,Input,Linear; 23,LinComb,Input,Linear; 24,LinComb,Input,Linear; 25,LinComb,Output,Tanh; 26,LinComb,Output,Tanh; 27,LinComb,Output,Tanh; 28,LinComb,Output,Tanh; 29,LinComb,Output,Tanh; 30,LinComb,Output,Tanh; 31,LinComb,Output,Tanh; 32,LinComb,Output,Tanh; 33,LinComb,Output,Tanh; 34,LinComb,Hidden,Invert; 35,LinComb,Hidden,Tanh; 36,LinComb,Hidden,Tanh; 37,Latch,Hidden,Tanh; 39,LinComb,Hidden,Tanh; 40,Latch,Hidden,Invert; 41,Latch,Hidden,Tanh; 42,LinComb,Hidden,Tanh; 43,Latch,Hidden,Tanh; 44,LinComb,Hidden,Tanh; 45,LinComb,Hidden,Tanh; 46,LinComb,Hidden,Tanh; 47,LinComb,Hidden,Tanh; 48,LinComb,Hidden,Tanh; 49,LinComb,Hidden,Tanh; 50,LinComb,Hidden,Tanh; 51,LinComb,Hidden,Tanh; 
Connections: 0,24,25,1.830897,True; 1,5,33,0.6060454,True; 4,3,33,-0.1626206,False; 5,5,34,-1.432665,True; 6,34,33,0.8782837,False; 7,2,26,-0.3167633,False; 8,23,29,-0.8142892,False; 9,2,35,0.7627685,True; 10,35,26,-0.6839398,False; 11,10,25,0.4999472,False; 12,17,30,-0.1584585,False; 13,8,32,0.1985499,True; 14,13,26,2.4976,True; 15,34,36,-0.5166503,False; 16,36,33,1.203788,True; 17,18,31,-0.4539398,False; 18,24,31,-0.3550085,True; 19,35,37,0.6898652,False; 20,37,26,-1.867512,True; 21,21,32,-0.1526698,False; 22,8,36,1.051762,True; 25,13,27,1.012789,False; 26,35,39,2.215659,True; 27,39,26,-2.166318,True; 30,23,33,1.144635,True; 31,34,40,1.693859,False; 32,40,36,-0.9060532,False; 33,40,41,0.1803057,True; 34,41,36,-0.3969675,True; 35,36,30,-1.105362,True; 36,15,29,2.043896,True; 37,23,42,0.3518923,True; 38,42,29,0.4574989,False; 39,18,43,-0.6893325,True; 40,43,31,-0.3534116,True; 41,20,26,1.356632,True; 42,21,44,2.50241,False; 43,44,32,-0.3181635,True; 44,21,45,2.581096,True; 45,45,32,0.04396528,True; 46,13,46,-1.961903,True; 47,46,27,1.214253,True; 48,4,41,-0.6977234,False; 49,44,33,-1.75242,True; 50,4,27,-0.9540963,True; 51,21,47,3.260571,True; 52,47,44,1.391052,True; 53,18,47,0.04120243,True; 54,34,48,-0.799405,True; 55,48,40,-0.7430198,True; 56,9,30,0.2752849,True; 57,35,49,0.8852241,True; 58,49,37,1.563639,True; 59,21,27,0.08090729,True; 60,4,29,-0.2281244,True; 61,47,50,-0.6663405,True; 62,50,44,0.2793251,True; 63,20,34,0.9090629,True; 64,19,29,-0.6437776,True; 65,42,51,0.772266,True; 66,51,29,-0.2317606,True; 67,0,50,-0.134585,True; 68,23,28,0.6633733,True; 