Genome:Innovation=67
Nodes: 0,LinComb,Input,Tanh; 1,LinComb,Input,Tanh; 2,LinComb,Input,Tanh; 3,LinComb,Input,Relu; 4,LinComb,Input,Relu; 5,LinComb,Input,Tanh; 6,LinComb,Input,Relu; 7,LinComb,Input,Abs; 8,LinComb,Input,Tanh; 9,LinComb,Input,Tanh; 10,LinComb,Input,Tanh; 11,LinComb,Input,Tanh; 12,LinComb,Input,Relu; 13,LinComb,Input,Tanh; 14,LinComb,Input,Sigmoid; 15,LinComb,Input,Tanh; 16,LinComb,Input,Relu; 17,LinComb,Input,Tanh; 18,LinComb,Input,Linear; 19,LinComb,Input,Tanh; 20,LinComb,Input,Tanh; 21,LinComb,Input,Relu; 22,LinComb,Input,Tanh; 23,LinComb,Input,Relu; 24,LinComb,Input,Tanh; 25,LinComb,Output,Tanh; 26,LinComb,Output,Tanh; 27,LinComb,Output,Tanh; 28,LinComb,Output,Tanh; 29,LinComb,Output,Tanh; 30,LinComb,Output,Tanh; 31,LinComb,Output,Tanh; 32,LinComb,Output,Tanh; 33,LinComb,Output,Tanh; 34,LinComb,Hidden,Tanh; 35,LinComb,Hidden,Tanh; 36,Latch,Hidden,Sigmoid; 37,LinComb,Hidden,Tanh; 38,LinComb,Hidden,Tanh; 39,Latch,Hidden,Tanh; 40,LinComb,Hidden,Tanh; 41,LinComb,Hidden,Tanh; 42,LinComb,Hidden,Tanh; 44,LinComb,Hidden,Tanh; 45,LinComb,Hidden,Tanh; 46,LinComb,Hidden,Tanh; 47,LinComb,Hidden,Tanh; 48,LinComb,Hidden,Tanh; 
Connections: 0,24,25,-0.3607512,True; 1,10,29,0.5922655,False; 2,8,32,-0.2473952,False; 3,8,31,-1.950275,False; 4,18,30,-0.184046,False; 5,0,25,3.821065,True; 6,18,34,0.09724268,True; 7,34,30,0.4772981,True; 8,2,33,0.5334677,True; 9,34,31,1.977915,False; 10,24,27,-0.154711,False; 11,11,29,-0.3021624,False; 12,4,30,-1.315763,False; 13,17,34,-0.5148166,False; 14,8,35,-0.1637231,True; 15,35,32,0.02542925,True; 16,3,34,0.1818988,True; 17,19,35,-1.557651,True; 18,8,36,2.327357,True; 19,36,31,-0.492928,False; 20,36,37,-1.672555,True; 21,37,31,0.1665873,True; 22,4,25,3.639423,True; 23,2,26,-5.015352,True; 24,11,38,-1.058093,True; 25,38,29,0.6750628,False; 26,11,39,-0.6340173,False; 27,39,29,-2.407432,True; 28,1,33,-0.2715612,True; 29,17,26,-0.7392015,False; 30,17,40,2.330204,True; 31,40,34,5.076196,True; 32,16,31,1.955199,False; 33,5,27,2.153449,True; 34,7,33,-0.215738,True; 35,8,41,1.248855,True; 36,41,31,-0.148896,True; 37,13,34,1.083899,False; 38,24,42,-0.888678,True; 39,42,27,-0.1027942,True; 40,0,33,0.2751017,False; 41,11,26,-0.1077813,True; 44,13,33,1.783006,True; 45,6,39,-2.32416,True; 46,0,44,0.08222347,True; 47,44,33,-0.122952,True; 48,42,37,0.8292929,True; 49,20,38,-1.557678,True; 50,17,45,-0.2367088,True; 51,45,26,-2.323293,True; 52,16,25,0.8884847,True; 53,1,25,0.6986325,True; 54,20,31,-2.53886,True; 55,38,46,1.695013,True; 56,46,29,-2.349376,True; 57,35,40,1.618582,True; 58,38,47,1.137745,True; 59,47,29,-2.035941,True; 60,35,36,1.414105,True; 61,13,48,1,True; 62,48,34,1.877621,True; 63,35,42,0.8213041,True; 64,15,27,-0.7329764,True; 65,10,41,-0.6491116,True; 66,17,32,-1.063249,True; 