Genome:Innovation=39
Nodes: 0,lin_comb,Input,Tanh; 1,lin_comb,Input,Tanh; 2,lin_comb,Input,Tanh; 3,lin_comb,Input,Tanh; 4,lin_comb,Input,Relu; 5,lin_comb,Input,Relu; 6,lin_comb,Input,Tanh; 7,lin_comb,Input,Tanh; 8,lin_comb,Input,Abs; 9,lin_comb,Input,Tanh; 10,lin_comb,Input,Tanh; 11,lin_comb,Input,Tanh; 12,lin_comb,Input,Tanh; 13,lin_comb,Input,Tanh; 14,lin_comb,Input,Sigmoid; 15,lin_comb,Input,Tanh; 16,lin_comb,Input,Sigmoid; 17,lin_comb,Input,Tanh; 18,lin_comb,Input,Tanh; 19,lin_comb,Input,Tanh; 20,lin_comb,Input,Relu; 21,lin_comb,Input,Tanh; 22,lin_comb,Input,Tanh; 23,lin_comb,Input,Tanh; 24,lin_comb,Input,Sigmoid; 25,lin_comb,Output,Tanh; 26,lin_comb,Output,Tanh; 27,lin_comb,Output,Tanh; 28,lin_comb,Output,Tanh; 29,lin_comb,Output,Tanh; 30,lin_comb,Output,Tanh; 31,lin_comb,Output,Tanh; 32,lin_comb,Output,Tanh; 33,lin_comb,Output,Tanh; 34,lin_comb,Hidden,Tanh; 35,lin_comb,Hidden,Relu; 37,lin_comb,Hidden,Tanh; 40,lin_comb,Hidden,Relu; 41,lin_comb,Hidden,Tanh; 42,lin_comb,Hidden,Tanh; 43,lin_comb,Hidden,Tanh; 44,lin_comb,Hidden,Tanh; 
Connections: 0,24,30,1.499849; 1,19,25,1.432361; 2,19,34,1.043179; 3,34,25,4.305261; 4,2,26,-3.191599; 5,19,33,0.2067024; 6,20,27,-3.042591; 7,19,35,0.7991798; 8,35,33,2.099577; 9,19,27,-1.391779; 10,6,34,0.8556061; 11,21,31,0.3207483; 14,19,37,1.610867; 15,37,27,-0.3740878; 16,3,32,1.378413; 17,9,32,-0.06447029; 20,4,25,0.5338452; 23,9,26,2.000803; 24,13,33,0.3734782; 25,19,40,-0.325038; 26,40,33,-0.09189647; 27,17,25,1.835972; 28,6,29,-0.08841449; 29,34,41,-0.3901145; 30,41,25,2.331164; 31,35,40,0.4118479; 32,34,42,-0.005931616; 33,42,41,-0.8516428; 34,35,43,0.7459637; 35,43,40,1.371693; 36,21,44,-0.8098395; 37,44,31,0.08275855; 38,41,28,-0.9561656; 