Genome:Innovation=26
Nodes: 0,LinComb,Input,Tanh; 1,LinComb,Input,Tanh; 2,LinComb,Input,Tanh; 3,LinComb,Input,Tanh; 4,LinComb,Input,Tanh; 5,LinComb,Input,Tanh; 6,LinComb,Input,Tanh; 7,LinComb,Input,Tanh; 8,LinComb,Input,Tanh; 9,LinComb,Input,Tanh; 10,LinComb,Input,Tanh; 11,LinComb,Input,Relu; 12,LinComb,Input,Tanh; 13,LinComb,Input,Tanh; 14,LinComb,Input,Tanh; 15,LinComb,Input,Tanh; 16,LinComb,Input,Tanh; 17,LinComb,Input,Tanh; 18,LinComb,Input,Tanh; 19,LinComb,Input,Tanh; 20,LinComb,Input,Relu; 21,LinComb,Input,Tanh; 22,LinComb,Input,Tanh; 23,LinComb,Input,Tanh; 24,LinComb,Input,Tanh; 25,LinComb,Output,Tanh; 26,LinComb,Output,Tanh; 27,LinComb,Output,Tanh; 28,LinComb,Output,Tanh; 29,LinComb,Output,Tanh; 30,LinComb,Output,Tanh; 31,LinComb,Output,Tanh; 32,LinComb,Output,Tanh; 33,LinComb,Output,Tanh; 34,LinComb,Hidden,Tanh; 
Connections: 0,1,25,1.968277,True; 1,5,30,-2.197589,True; 2,15,25,1.102789,True; 3,17,29,-0.898926,True; 4,20,28,1.623279,True; 5,16,31,-0.3535062,True; 6,11,29,-0.1894012,False; 7,11,34,2.078042,True; 8,34,29,2.604614,True; 9,13,29,-0.4036988,False; 10,5,34,-0.2686892,True; 11,2,32,1.368286,True; 12,5,29,-0.152114,True; 13,2,26,-3.088076,True; 14,22,30,0.2246274,False; 15,9,29,0.4933475,True; 16,19,26,0.4024393,True; 17,13,25,0.3472672,True; 18,17,34,1.057202,True; 19,0,30,0.8239735,True; 20,16,32,-0.339827,True; 21,4,31,0.1828198,True; 22,11,28,1.829377,True; 23,1,30,1.248517,True; 24,22,25,0.9031017,True; 25,0,25,0.4457216,True; 