Genome:Innovation=22
Nodes: 0,LinComb,Input,Tanh; 1,LinComb,Input,Tanh; 2,LinComb,Input,Tanh; 3,LinComb,Input,Tanh; 4,LinComb,Input,Tanh; 5,LinComb,Input,Sigmoid; 6,LinComb,Input,Tanh; 7,LinComb,Input,Tanh; 8,LinComb,Input,Tanh; 9,LinComb,Input,Tanh; 10,LinComb,Input,Tanh; 11,LinComb,Input,Tanh; 12,LinComb,Input,Tanh; 13,LinComb,Input,Tanh; 14,LinComb,Input,Tanh; 15,LinComb,Input,Tanh; 16,LinComb,Input,Tanh; 17,LinComb,Input,Tanh; 18,LinComb,Input,Tanh; 19,LinComb,Input,Tanh; 20,LinComb,Input,Tanh; 21,LinComb,Input,Tanh; 22,LinComb,Input,Tanh; 23,LinComb,Input,Tanh; 24,LinComb,Input,Tanh; 25,LinComb,Output,Tanh; 26,LinComb,Output,Tanh; 27,LinComb,Output,Tanh; 28,LinComb,Output,Tanh; 29,LinComb,Output,Tanh; 30,LinComb,Output,Tanh; 31,LinComb,Output,Tanh; 32,LinComb,Output,Tanh; 33,LinComb,Output,Tanh; 34,LinComb,Hidden,Tanh; 35,LinComb,Hidden,Tanh; 36,LinComb,Hidden,Tanh; 37,LinComb,Hidden,Tanh; 
Connections: 0,24,25,1.874599,True; 1,10,29,-1.221532,False; 2,8,32,0.01296139,True; 3,6,25,1.867309,True; 4,23,29,0.3531528,True; 5,18,31,-0.3274979,False; 6,12,30,-0.9551105,False; 7,6,28,-0.4833443,True; 8,10,34,1.740647,True; 9,34,29,-1.469275,False; 10,4,33,-0.07567227,False; 11,12,29,0.3379554,True; 12,34,35,1.430485,True; 13,35,29,-0.1901746,True; 14,12,31,0.741871,True; 15,20,30,-0.2249255,True; 16,16,32,-0.656285,True; 17,12,36,0.701981,True; 18,36,30,0.3144054,True; 19,6,37,1.376918,True; 20,37,25,1.73978,True; 21,17,36,0.6674702,True; 