Genome:Innovation=60
Nodes: 0,LinComb,Input,Tanh; 1,LinComb,Input,Tanh; 2,LinComb,Input,Tanh; 3,LinComb,Input,Sigmoid; 4,LinComb,Input,Tanh; 5,LinComb,Input,Tanh; 6,LinComb,Input,Abs; 7,LinComb,Input,Tanh; 8,LinComb,Input,Tanh; 9,LinComb,Input,Sigmoid; 10,LinComb,Input,Tanh; 11,LinComb,Input,Tanh; 12,LinComb,Input,Tanh; 13,LinComb,Input,Tanh; 14,LinComb,Input,Sigmoid; 15,LinComb,Input,Tanh; 16,LinComb,Input,Tanh; 17,LinComb,Input,Tanh; 18,LinComb,Input,Tanh; 19,LinComb,Input,Tanh; 20,LinComb,Input,Linear; 21,LinComb,Input,Tanh; 22,LinComb,Input,Relu; 23,LinComb,Input,Tanh; 24,LinComb,Input,Relu; 25,LinComb,Output,Tanh; 26,LinComb,Output,Tanh; 27,LinComb,Output,Tanh; 28,LinComb,Output,Tanh; 29,LinComb,Output,Tanh; 30,LinComb,Output,Tanh; 31,LinComb,Output,Tanh; 32,LinComb,Output,Tanh; 33,LinComb,Output,Tanh; 34,LinComb,Hidden,Tanh; 35,LinComb,Hidden,Tanh; 36,LinComb,Hidden,Tanh; 37,LinComb,Hidden,Tanh; 38,LinComb,Hidden,Tanh; 39,LinComb,Hidden,Tanh; 40,LinComb,Hidden,Tanh; 41,LinComb,Hidden,Tanh; 42,LinComb,Hidden,Tanh; 43,LinComb,Hidden,Tanh; 44,LinComb,Hidden,Tanh; 45,LinComb,Hidden,Tanh; 46,LinComb,Hidden,Tanh; 47,LinComb,Hidden,Tanh; 48,LinComb,Hidden,Tanh; 
Connections: 0,24,25,3.036819,False; 1,24,33,0.6353545,True; 2,24,34,-3.546335,False; 3,34,33,1.333795,True; 4,2,26,-3.956466,True; 5,23,29,1.592872,True; 6,1,25,0.2659254,False; 7,21,30,0.8899575,False; 8,10,33,-0.1811796,False; 9,19,33,-0.5195397,True; 10,24,35,5.46762,False; 11,35,33,-0.434573,False; 12,9,31,-0.2709477,False; 13,11,31,-1.542571,False; 14,1,36,1.245175,True; 15,36,25,0.780596,True; 16,21,37,-0.04438001,False; 17,37,30,-0.3683708,True; 18,11,38,-0.9668146,True; 19,38,31,0.8959162,True; 20,24,32,0.6335695,True; 21,1,39,0.699429,True; 22,39,25,-0.5684044,False; 23,1,30,-0.02971113,False; 24,24,40,0.4555596,True; 25,40,34,0.7444611,True; 26,8,38,-0.1946954,True; 27,34,41,0.4033812,True; 28,41,33,-0.5302024,True; 29,10,36,0.8314332,True; 30,6,41,2.461837,False; 31,0,25,1.779133,True; 32,35,42,-0.599358,False; 33,42,33,1.361134,True; 34,2,28,0.5612255,True; 35,17,26,0.2516831,True; 36,41,43,0.6072319,True; 37,43,33,2.03659,True; 38,21,39,-0.2154083,True; 39,35,44,0.7013796,True; 40,44,42,0.4312544,True; 41,4,44,-0.1628799,True; 42,7,26,0.9511787,True; 43,1,45,-0.4648826,True; 44,45,30,0.4408742,True; 45,15,33,-0.5664684,True; 46,13,41,-0.8427997,True; 47,39,46,1.231096,True; 48,46,25,-0.2493263,True; 49,44,33,-0.1293524,True; 50,2,46,-0.8632674,True; 51,7,29,-0.2904973,True; 52,12,38,-0.7010481,True; 53,21,47,1.045648,True; 54,47,37,-0.6296121,True; 55,43,30,-1.715015,True; 56,12,39,0.01840656,True; 57,24,48,1.44392,True; 58,48,35,5.463099,True; 59,15,46,-0.7374342,True; 