Genome:Innovation=63
Nodes: 0,LinComb,Input,Linear; 1,LinComb,Input,Linear; 2,LinComb,Input,Linear; 3,LinComb,Input,Linear; 4,LinComb,Input,Linear; 5,LinComb,Input,Linear; 6,LinComb,Input,Linear; 7,LinComb,Input,Linear; 8,LinComb,Input,Linear; 9,LinComb,Input,Linear; 10,LinComb,Input,Linear; 11,LinComb,Input,Linear; 12,LinComb,Input,Linear; 13,LinComb,Input,Linear; 14,LinComb,Input,Linear; 15,LinComb,Input,Linear; 16,LinComb,Input,Linear; 17,LinComb,Input,Linear; 18,LinComb,Input,Linear; 19,LinComb,Input,Linear; 20,LinComb,Input,Linear; 21,LinComb,Input,Linear; 22,LinComb,Input,Linear; 23,LinComb,Input,Linear; 24,LinComb,Input,Linear; 25,LinComb,Input,Linear; 26,LinComb,Input,Linear; 27,LinComb,Input,Linear; 28,LinComb,Input,Linear; 29,LinComb,Input,Linear; 30,LinComb,Input,Linear; 31,LinComb,Input,Linear; 32,LinComb,Input,Linear; 33,LinComb,Input,Linear; 34,LinComb,Output,Tanh; 35,LinComb,Output,Tanh; 36,LinComb,Output,Tanh; 37,LinComb,Output,Tanh; 38,LinComb,Output,Tanh; 39,LinComb,Output,Tanh; 40,LinComb,Output,Tanh; 41,LinComb,Output,Tanh; 42,LinComb,Output,Tanh; 
Connections: 0,8,35,-0.1076187,False; 1,5,35,-3.023666,True; 2,8,34,2.459486,False; 3,6,39,5.887678,False; 4,2,35,-2.701171,True; 5,29,34,1.518047,True; 6,12,34,-1.134045,True; 7,18,40,2.104022,False; 8,22,42,0.6641531,False; 9,26,35,3.098861,True; 10,32,40,-0.6861125,True; 11,19,38,-0.5802969,False; 12,5,40,0.6677725,False; 13,4,35,0.7461431,True; 14,15,38,-0.9717186,False; 15,6,36,1.220424,True; 16,11,42,2.607793,True; 17,11,34,0.1645324,True; 18,30,38,0.1852858,False; 19,13,41,-0.1314853,True; 20,20,38,-0.4856865,True; 21,32,34,-1.862874,True; 22,11,41,2.408095,False; 23,2,36,1.824306,True; 24,17,38,0.4874789,True; 25,19,42,-1.114861,True; 26,1,34,1.286885,True; 27,10,40,2.128383,True; 28,21,36,1.551857,False; 29,17,37,0.3218465,True; 30,17,34,0.3710047,False; 31,31,41,-2.145436,True; 32,24,41,-0.7497894,True; 33,25,41,-1.353786,True; 34,31,36,0.6200489,True; 35,23,35,2.422471,True; 36,14,40,0.4485987,True; 37,16,36,1.854167,False; 38,19,37,2.937109,False; 39,0,36,0.4886949,True; 40,33,41,-0.2362868,True; 41,20,40,-2.77318,True; 42,30,42,-0.2104488,True; 43,29,38,1.718382,True; 44,5,34,-1.595137,True; 45,29,40,3.248145,True; 46,32,41,-1.175066,True; 47,18,41,-1.222894,True; 48,23,42,1.865605,True; 49,0,40,2.237053,True; 50,24,35,-1.892166,True; 51,13,38,2.169769,True; 52,7,36,1.025466,True; 53,15,39,-1.678972,True; 54,24,38,1.401962,True; 55,14,39,-0.5230857,True; 56,30,37,-1.064221,True; 57,31,37,-0.07690898,True; 58,27,36,0.7175978,True; 59,25,35,0.0605315,True; 60,28,41,-0.237182,True; 61,4,34,-0.4147039,True; 62,24,34,-0.5715063,True; 